
MielAlt1
n = 1.33

A = -0.00077
B = -0.0038
C = -6.954


dA = 0.00004
dB = 0.0009
dC = 0.004

c = 1.329990
dc = 0.000005

##########################

MielAlt2
x=11.982
y_0 = -7.194
n = 1.33024


A = -0.0024
B = 0.003
C = -7.222

dA = 0.0001
dB = 0.002
dC = 0.008

c = 1.327
dc = 0.004

##########################

MielAlt3
x= 16.776
y_0 = -7.332
n = 1.33046


A = -0.0033
B = 0.005
C = -7.334

dA = 0.0002
dB = 0.002
dC = 0.006

c = 1.320
dc = 0.007

##########################





